	Ssp1	Step	Hsp1	Hsp2	Sove	Pmug	Pfle	Lhsp	Hbiv	Hssp	Nyam	Ntyl	Cumu	Gmug	Gzhu	Llle	Lpil	Lkao	Ltri	Lmir	Pbig
1	0	0	0	0	0	0	0	0	0	0	0	0	0	0	0	2	0	0	0	0	0
2	0	0	0	0	0	6	5	0	0	0	0	0	0	0	0	0	0	0	0	0	0
3	0	0	200	0	0	5	0	0	0	0	1	0	0	0	0	24	16	0	1	9	1
4	0	0	251	0	0	0	0	1	0	0	0	0	0	0	0	5	7	0	0	0	0
5	0	0	0	0	0	0	0	0	0	0	0	0	0	0	0	70	0	0	105	0	0
6	0	0	107	0	0	15	2	11	0	0	0	0	1	0	0	307	229	0	212	65	0
7	0	0	0	0	0	50	28	0	0	0	0	0	55	0	0	7	2	0	0	2	0
8	0	0	380	0	0	16	52	3	0	0	0	0	5	0	0	76	65	0	3	18	0
9	0	0	0	0	0	0	12	0	0	0	0	0	2	0	0	152	114	0	38	76	3
10	0	0	9	0	0	0	0	0	0	0	0	0	1	0	0	92	0	0	46	0	0
11	0	0	0	0	0	3	0	1	0	0	0	0	27	0	0	19	4	0	5	4	3
12	0	0	0	0	0	0	0	0	0	0	0	0	0	0	0	15	0	0	3	0	1
13	0	0	62	0	0	0	6	0	0	0	0	4	0	0	0	7	13	0	6	3	0
14	0	0	0	0	0	8	124	42	0	0	0	1	8	0	0	19	5	0	35	0	0
15	0	0	32	0	0	0	5	0	19	0	0	2	5	0	0	52	10	0	19	6	0
16	0	0	0	0	0	0	0	0	0	0	0	0	0	0	0	2	0	0	0	0	0
17	0	0	0	0	0	0	2	0	0	0	0	0	0	0	0	18	2	0	8	5	0
18	0	0	0	0	0	0	0	0	0	0	0	0	0	0	0	2	0	0	0	0	0
19	0	0	0	0	0	0	0	0	0	0	12	0	0	0	0	0	1	0	0	0	0
20	0	0	0	0	0	63	38	24	1	0	3	0	0	0	0	3	1	0	0	2	0
21	0	0	0	0	0	0	0	0	0	0	2	0	0	0	0	18	8	0	8	3	0
22	0	0	0	0	0	3	3	0	0	0	1	0	0	0	0	0	0	0	0	0	0
23	0	0	0	0	0	10	7	3	0	0	1	0	0	0	0	3	0	0	0	0	0
24	0	0	204	0	0	415	0	0	0	0	0	0	0	0	0	0	0	0	0	0	0
25	0	0	0	0	0	6	15	0	18	0	0	26	0	0	0	9	0	0	2	1	0
26	0	0	160	0	0	10	0	0	0	0	3	0	5	0	0	7	2	0	1	0	0
27	0	0	0	0	0	6	0	0	0	0	0	2	0	0	0	4	7	0	12	2	2
28	0	0	1	0	0	0	2	0	15	0	3	0	6	0	0	29	5	0	11	7	0
29	0	0	6	0	0	0	38	0	0	0	0	0	9	0	0	9	3	0	5	3	0
30	0	0	0	0	0	70	24	0	8	0	0	0	0	0	0	117	29	0	29	0	0
31	0	0	28	0	0	0	0	0	2	0	15	0	0	0	0	51	28	0	5	14	0
32	0	0	0	0	0	0	66	0	0	0	0	0	0	0	0	6	2	0	2	0	0
33	0	0	2150	0	0	0	0	0	0	0	13	0	1	0	0	60	42	0	79	19	0
34	0	0	608	0	0	37	26	0	13	0	0	1	2	0	0	7	2	0	9	3	1
35	0	0	535	0	0	48	32	0	3	0	0	4	1	0	0	12	8	0	2	5	2
36	0	0	305	0	0	0	0	0	0	0	0	3	0	0	0	179	40	0	30	20	0
37	0	0	101	0	1	4	26	0	0	0	0	3	9	0	0	61	71	0	12	8	9
38	0	0	384	0	0	88	0	0	0	0	11	0	0	0	0	8	0	2	4	0	0
39	0	0	2010	0	0	0	1	0	0	0	9	0	6	0	0	261	20	0	190	40	1
40	0	0	25	1	1	677	653	0	2	0	0	0	1	0	0	16	4	0	3	13	0
41	0	0	0	0	0	329	16	0	0	12	11	0	0	0	0	0	28	1	10	0	0
42	0	0	1025	0	0	164	123	0	7	0	3	0	7	0	0	10	31	0	8	0	0
43	0	0	1010	1	0	138	3	0	22	0	1	0	0	0	0	8	15	0	0	0	1
44	0	0	1086	0	0	20	15	0	0	0	0	4	0	0	0	40	14	0	0	12	0
45	0	0	547	0	0	22	0	0	17	0	3	0	0	0	0	0	0	0	0	0	0
46	0	0	80	0	1	0	2	0	0	0	0	0	0	0	0	63	69	0	13	0	0
47	0	0	405	0	0	0	0	0	0	0	0	78	1	0	0	11	5	0	12	2	1
48	0	0	1147	0	0	0	2	0	2	0	4	0	5	0	0	61	20	0	23	6	0
49	0	0	123	2	0	142	267	0	18	0	6	0	0	0	0	0	0	0	0	0	0
50	0	0	0	0	0	1780	226	0	0	0	0	0	0	0	0	6	3	0	2	0	0
51	0	0	4	0	0	2	1	0	3	0	5	0	1	0	0	2	0	0	3	0	0
52	0	3	57	0	0	19	9	0	0	6	0	0	0	0	0	0	0	0	0	0	0
53	0	0	250	0	0	173	154	0	0	0	9	0	0	0	0	35	6	0	19	7	0
54	0	0	535	0	1	229	74	0	9	0	0	0	3	0	0	97	25	0	93	18	0
55	0	0	20	0	0	2044	247	0	0	0	22	0	3	0	0	13	0	0	0	0	0
56	0	0	0	0	0	193	7	0	2	0	2	0	0	0	0	0	7	0	0	0	0
57	0	0	289	0	0	13	2	0	7	0	0	4	1	0	0	595	103	0	173	60	0
58	0	0	88	0	0	2	107	0	0	0	2	0	0	0	0	1	0	0	0	0	0
59	0	0	54	0	0	17	46	0	0	0	11	6	1	0	0	13	4	0	0	7	0
60	0	0	122	0	0	41	36	0	0	0	12	0	0	0	0	1	1	0	0	0	0
61	0	0	1150	0	0	0	0	0	0	0	7	0	5	0	0	2	0	0	0	0	0
62	0	0	350	0	0	0	0	0	0	0	0	1	0	0	0	6	0	0	0	0	0
63	0	0	605	0	0	0	0	0	0	0	0	3	0	0	0	12	3	0	5	2	0
64	0	0	192	0	0	0	8	0	56	0	13	0	1	0	0	3	1	0	2	1	0
65	2	0	589	0	0	0	0	0	0	0	0	0	0	0	0	0	0	0	0	0	0
66	0	0	1240	0	0	274	13	0	0	0	0	0	0	0	0	9	3	0	8	3	11
67	0	0	39	0	0	0	2	50	0	0	5	0	0	0	0	560	58	2	34	22	0
68	0	0	712	0	0	116	60	0	0	0	67	0	11	0	0	11	9	0	9	0	4
69	0	0	103	0	0	0	4	0	2	0	0	2	0	0	0	37	0	0	0	18	0
70	0	0	135	0	0	1784	1533	0	0	0	40	0	8	0	0	9	65	0	0	0	1
71	0	0	435	0	0	0	0	0	0	0	9	0	0	0	0	19	5	0	0	4	0
72	0	0	205	0	0	0	0	0	0	0	9	0	0	0	0	0	1	0	3	0	1
73	0	0	790	0	0	0	0	0	0	0	2	0	1	0	0	82	0	0	54	0	0
74	0	0	208	0	0	0	0	0	0	0	0	7	0	0	0	50	0	0	30	0	0
75	0	0	526	0	0	0	6	0	0	0	0	0	0	0	0	30	45	0	11	4	0
76	0	0	16	0	0	0	0	0	0	0	4	0	0	0	0	109	8	0	39	0	0
77	0	0	355	0	0	3	1	0	0	0	13	0	7	0	0	11	4	0	3	1	0
78	0	0	755	0	0	0	0	0	0	2	2	0	5	0	0	3	0	0	0	0	0
79	0	0	1920	0	0	10	1	0	0	0	0	4	6	0	0	63	0	0	13	0	0
80	0	0	50	0	0	0	66	0	0	0	0	5	0	0	0	110	13	6	5	14	0
81	0	0	60	0	0	41	82	0	0	0	0	0	0	0	0	3	0	0	0	0	6
82	0	0	495	0	0	0	0	0	0	0	2	0	0	0	0	110	10	8	14	6	3
83	0	0	125	0	0	10	9	0	0	0	6	0	0	0	0	29	12	2	2	1	0
84	0	0	92	0	0	4	25	0	0	0	0	13	8	0	0	35	14	0	5	1	0
85	0	0	105	3	0	0	0	22	0	0	21	0	0	0	0	2	0	0	0	6	0
86	0	0	0	0	0	0	1	0	1	0	2	0	0	0	0	15	12	0	0	2	0
87	0	0	0	0	0	0	2	0	0	0	0	0	4	0	0	133	34	0	56	13	0
88	1	0	0	0	0	0	7	0	2	7	0	1	4	0	0	314	22	0	39	51	0
89	0	0	0	0	0	1	1	0	0	0	1	5	2	0	0	27	2	0	5	7	1
90	0	0	2550	0	0	0	0	0	6	0	2	0	0	0	0	0	0	0	0	3	0
91	0	0	160	0	0	0	0	0	0	0	5	0	0	0	0	35	21	0	22	9	2
92	0	0	273	0	0	21	1	0	0	0	0	3	3	0	0	12	7	0	4	10	0
93	0	0	18	0	0	109	3	0	0	0	0	0	1	0	0	18	53	0	10	0	0
94	0	0	630	0	0	0	0	0	0	0	8	0	0	0	0	35	7	0	21	0	2
95	0	0	211	0	0	9	0	0	0	0	0	1	1	0	0	228	13	1	184	67	0
96	0	0	550	0	0	0	0	0	0	0	1	0	0	0	0	42	28	1	3	0	1
97	0	0	100	0	0	0	0	0	0	0	0	6	7	0	0	0	8	0	0	0	0
98	0	0	241	0	0	0	2	0	1	0	5	0	11	0	0	38	0	0	0	6	0
99	0	0	415	0	0	0	0	0	0	0	3	0	0	0	0	29	25	4	15	3	0
100	0	0	257	0	0	0	4	0	0	0	0	0	6	0	0	27	16	0	25	5	0
101	0	0	960	0	0	430	0	0	1	0	0	4	9	0	0	39	26	0	14	0	0
102	0	0	1130	0	0	14	44	0	6	0	0	0	8	0	0	29	14	0	9	0	0
103	0	0	725	0	0	3	0	0	0	0	5	0	10	0	0	21	19	0	0	0	0
104	0	0	4110	0	0	58	2	0	0	0	0	1	2	0	0	8	0	0	12	0	0
105	0	0	3746	0	0	0	7	0	3	0	6	0	5	0	0	24	14	2	2	0	12
106	0	0	1110	0	0	0	0	0	2	0	3	0	6	0	0	4	0	0	0	18	0
107	0	0	1040	0	0	0	23	0	0	0	0	0	0	0	0	57	0	0	41	0	0
108	0	0	3212	0	0	12	46	0	16	0	0	1	0	0	0	31	6	0	8	0	0
109	0	0	3305	0	0	30	0	0	1	0	1	0	5	0	0	18	2	0	5	2	0
110	0	0	165	0	0	1	1	0	0	2	0	0	2	0	0	85	75	2	0	0	0
111	0	0	482	0	0	1374	196	0	0	0	1	0	0	0	0	40	19	0	0	17	0
112	0	0	90	0	0	0	0	0	0	0	0	0	4	0	0	49	29	0	0	39	0
113	0	0	123	0	0	13	4	0	2	0	14	0	3	0	0	38	10	0	10	0	0
114	0	0	6	0	0	0	0	0	0	0	0	0	0	0	0	1	0	0	0	0	0
115	0	0	956	0	0	16	2	0	0	0	0	0	0	0	0	13	6	0	0	2	0
116	1	0	28	0	0	1746	259	0	0	0	0	0	0	0	0	12	8	0	3	18	0
117	0	0	6000	0	0	628	210	0	0	0	0	0	0	0	0	36	2	0	0	34	0
118	0	0	1551	0	0	243	91	0	0	0	0	0	0	0	2	42	13	0	0	8	0
119	0	0	406	0	0	0	8	0	0	0	5	0	2	0	0	14	3	0	0	8	0
120	0	0	360	0	0	1	2	0	0	0	2	0	0	0	0	20	0	0	0	5	0
121	0	0	225	0	0	2388	311	0	0	0	15	0	0	0	0	100	0	0	0	8	0
122	0	0	237	0	0	39	4	0	0	0	3	0	1	0	0	180	62	0	5	15	0
123	0	0	1500	0	0	53	7	0	0	0	0	7	0	0	0	12	16	0	1	0	0
124	0	1	0	0	0	0	0	0	0	0	0	0	0	0	0	187	158	5	8	65	0
125	0	0	124	0	0	95	42	0	0	0	0	0	0	0	0	11	0	0	0	0	0
126	0	0	250	0	0	39	5	0	0	0	0	4	0	0	0	11	4	0	0	1	0
127	0	0	100	0	0	3	4	0	0	0	0	0	0	0	0	74	21	1	2	34	0
128	0	0	39	0	0	2	33	0	0	0	0	1	0	3	3	0	0	0	0	0	0
129	0	0	82	0	0	0	3	0	0	0	0	0	0	0	0	43	56	0	0	4	0
130	0	0	0	0	0	41	1	0	0	0	1	0	0	0	0	24	0	0	96	0	0
131	0	0	772	0	0	30	0	0	0	0	0	0	0	0	0	2	0	0	0	1	0
132	0	0	1232	0	0	1	5	0	0	0	0	0	1	0	0	62	0	0	31	52	0
133	0	0	212	0	0	59	3	0	0	0	3	0	0	0	0	0	7	0	0	0	0
134	0	0	11	0	0	28	2	0	0	0	0	0	0	0	0	31	0	0	12	8	0
135	0	0	101	0	0	0	0	0	0	0	69	0	0	0	0	45	5	0	6	18	0
136	0	0	501	0	0	760	31	0	0	0	2	0	0	0	0	63	36	0	9	45	0
137	0	0	0	0	0	0	8	1	0	0	0	2	0	0	0	0	8	0	0	1	0
138	0	0	50	0	0	5166	201	0	0	0	0	0	0	0	0	329	22	2	55	88	0
139	0	0	2311	0	0	7	6	0	0	0	0	0	0	0	0	187	0	0	0	53	0
140	0	0	100	0	0	0	5	0	0	0	0	0	0	0	0	37	86	1	0	6	0
141	0	0	100	0	0	417	115	0	0	0	0	0	0	0	0	1	4	0	2	2	0
142	0	0	6100	0	0	171	3	0	0	0	0	1	0	0	0	5	3	0	0	0	0
143	0	0	20	0	0	0	0	0	0	0	2	8	4	0	0	176	246	0	35	0	0
144	0	0	95	0	0	0	6	0	0	0	1	4	1	0	0	46	23	0	70	0	0
145	0	0	183	0	0	2	0	0	0	0	0	6	4	0	0	114	50	25	0	13	0
146	0	0	107	0	0	864	242	0	0	0	0	0	0	0	0	54	38	0	5	0	0
147	0	0	1466	0	0	907	256	0	40	0	0	1	0	0	0	14	24	0	12	0	0
148	0	0	95	0	0	3	3	0	0	0	0	3	2	0	0	0	40	0	12	4	0
149	0	0	150	0	0	7	9	0	0	0	3	0	3	0	0	92	56	0	2	33	0
150	0	0	148	0	0	0	1	0	0	0	0	5	2	0	0	211	135	0	30	15	0
151	0	0	325	0	0	7	0	0	0	0	0	7	3	0	0	10	30	0	0	3	2
152	0	0	780	2	0	0	0	0	0	0	2	2	0	0	0	4	2	0	2	2	1
153	0	0	745	0	0	11	9	0	0	0	1	1	2	0	0	48	127	0	0	12	0
154	0	0	385	0	0	2960	40	0	0	0	0	9	0	0	0	75	51	0	21	3	0
155	3	0	0	0	1	3	23	0	1	0	1	2	0	0	0	13	19	0	3	13	0
156	0	0	3600	0	0	0	0	0	0	0	1	0	0	0	0	130	72	29	72	29	0
157	0	0	561	0	0	3	3	0	0	0	0	3	0	0	0	11	20	8	1	0	0
158	0	0	3214	0	0	0	3	0	0	0	0	1	0	0	0	29	68	4	29	0	4
159	0	0	290	0	0	0	1	0	0	0	0	9	0	0	0	11	30	0	4	11	0
160	0	0	511	0	0	0	0	0	0	0	0	5	0	0	0	80	51	0	0	7	0
161	0	0	188	0	0	31	6	0	0	0	12	0	0	0	0	67	150	4	9	25	0
162	0	0	236	1	0	0	0	0	0	0	0	2	0	0	0	6	14	0	0	4	0
163	0	0	57	0	0	500	154	0	0	0	0	1	0	0	0	17	0	0	0	0	0
164	0	0	64	0	0	47	43	0	0	0	0	0	0	0	0	54	5	0	25	15	0
165	0	0	0	0	0	0	0	0	0	0	1	3	0	0	0	62	62	0	10	10	0
166	0	0	365	0	0	8	1	0	0	0	0	10	0	0	0	46	406	0	105	93	0
167	0	0	237	0	0	0	0	0	0	0	0	8	0	0	0	35	63	0	14	0	0
168	0	0	486	0	0	330	59	0	0	0	0	5	0	0	0	0	35	0	0	0	0
169	0	0	9	0	0	1853	525	0	0	0	0	9	0	0	0	54	95	13	13	14	0
170	0	0	114	0	0	23	3	0	0	0	0	2	0	0	0	0	31	0	0	0	0
171	0	0	3125	0	0	900	627	0	0	0	0	2	0	0	0	25	34	2	4	31	0
172	0	0	1160	0	5	3673	179	0	0	0	0	0	0	0	0	23	12	0	0	0	0
173	0	0	2030	0	0	4	7	0	0	0	0	0	0	0	0	53	59	6	23	35	4
174	0	0	51	0	0	0	5	0	0	0	0	1	0	0	0	3	5	0	1	0	0
175	0	0	729	0	0	0	0	0	0	0	0	1	0	0	0	29	8	0	11	5	0
176	0	0	1548	0	0	0	1	0	0	0	0	2	0	0	0	36	9	0	9	9	1
177	0	0	1499	0	0	0	401	0	0	0	1	7	0	0	0	294	63	6	84	109	0
178	0	0	1722	0	0	0	0	0	0	0	0	8	0	0	0	40	45	5	0	10	0
179	0	0	100	0	0	0	1	1	0	0	0	6	0	0	0	33	42	0	4	21	0
180	0	0	1135	0	0	2	3	0	0	0	0	5	0	0	0	7	10	0	5	5	4
181	0	0	2279	0	0	0	2	0	0	0	0	0	0	0	0	17	10	0	10	14	0
182	0	0	61	0	0	179	420	0	0	0	0	0	0	0	0	70	64	0	10	61	1
183	0	0	2518	0	0	0	0	0	0	0	5	3	0	0	0	19	9	0	24	3	3
184	0	0	840	0	0	2	3	0	0	0	0	1	0	0	0	5	2	0	3	2	0
185	0	0	2354	0	0	0	10	0	0	0	1	6	0	0	0	8	4	4	17	0	0
186	0	0	4	0	0	2666	911	0	0	0	0	0	0	0	0	43	54	3	0	29	0
187	0	0	120	0	0	1	1	0	0	0	4	3	0	0	0	0	0	0	10	3	0
188	0	0	423	0	0	0	0	0	0	0	0	9	0	0	0	0	0	0	0	0	0
189	0	0	75	0	0	0	0	0	0	0	0	0	0	0	0	8	6	0	0	0	0
190	0	0	29	0	0	0	32	0	0	0	0	0	0	0	0	5	20	0	0	0	0
191	0	0	55	0	0	0	37	0	0	0	0	2	0	0	0	4	22	0	0	3	0
192	0	0	1299	0	0	53	52	0	0	0	0	0	0	0	0	6	1	1	0	1	0
193	0	0	900	0	0	0	47	0	0	0	0	31	0	0	0	37	37	0	7	15	0
194	0	0	39	0	0	0	0	0	0	0	0	3	0	0	0	33	14	0	33	5	0
195	0	0	50	0	0	0	7	0	0	0	0	1	0	0	0	9	12	7	1	0	3
196	0	0	764	0	0	0	4	0	0	0	0	2	0	0	0	6	1	0	0	6	0
197	0	0	0	0	0	71	1	0	8	0	0	0	0	0	0	0	1	0	0	0	0
198	0	0	182	0	0	255	0	0	6	0	0	2	8	0	0	32	7	15	0	26	0
199	0	0	786	0	0	347	41	0	0	0	0	4	0	0	0	16	45	5	0	5	1
200	4	0	300	0	0	110	53	0	0	0	0	9	2	0	0	15	7	0	0	0	2
201	0	0	2	0	0	0	2	0	0	0	0	2	34	0	0	0	26	0	44	0	1
202	0	0	200	0	0	18	21	0	232	0	0	4	23	0	0	42	8	0	38	4	0