	Ssp1	Step	Hsp1	Hsp2	Gmug	Gzhu	Llle	Lpil	Lkao	Ltri	Lmir
1	0	0	0	0	0	0	2	0	0	0	0
2	0	0	200	0	0	0	24	16	0	1	9
3	0	0	251	0	0	0	5	7	0	0	0
4	0	0	0	0	0	0	70	0	0	105	0
5	0	0	107	0	0	0	307	229	0	212	65
6	0	0	0	0	0	0	7	2	0	0	2
7	0	0	380	0	0	0	76	65	0	3	18
8	0	0	0	0	0	0	152	114	0	38	76
9	0	0	9	0	0	0	92	0	0	46	0
10	0	0	0	0	0	0	19	4	0	5	4
11	0	0	0	0	0	0	15	0	0	3	0
12	0	0	62	0	0	0	7	13	0	6	3
13	0	0	0	0	0	0	19	5	0	35	0
14	0	0	32	0	0	0	52	10	0	19	6
15	0	0	0	0	0	0	2	0	0	0	0
16	0	0	0	0	0	0	18	2	0	8	5
17	0	0	0	0	0	0	2	0	0	0	0
18	0	0	0	0	0	0	0	1	0	0	0
19	0	0	0	0	0	0	3	1	0	0	2
20	0	0	0	0	0	0	18	8	0	8	3
21	0	0	0	0	0	0	3	0	0	0	0
22	0	0	204	0	0	0	0	0	0	0	0
23	0	0	0	0	0	0	9	0	0	2	1
24	0	0	160	0	0	0	7	2	0	1	0
25	0	0	0	0	0	0	4	7	0	12	2
26	0	0	1	0	0	0	29	5	0	11	7
27	0	0	6	0	0	0	9	3	0	5	3
28	0	0	0	0	0	0	117	29	0	29	0
29	0	0	28	0	0	0	51	28	0	5	14
30	0	0	0	0	0	0	6	2	0	2	0
31	0	0	2150	0	0	0	60	42	0	79	19
32	0	0	608	0	0	0	7	2	0	9	3
33	0	0	535	0	0	0	12	8	0	2	5
34	0	0	305	0	0	0	179	40	0	30	20
35	0	0	101	0	0	0	61	71	0	12	8
36	0	0	384	0	0	0	8	0	2	4	0
37	0	0	2010	0	0	0	261	20	0	190	40
38	0	0	25	1	0	0	16	4	0	3	13
39	0	0	0	0	0	0	0	28	1	10	0
40	0	0	1025	0	0	0	10	31	0	8	0
41	0	0	1010	1	0	0	8	15	0	0	0
42	0	0	1086	0	0	0	40	14	0	0	12
43	0	0	547	0	0	0	0	0	0	0	0
44	0	0	80	0	0	0	63	69	0	13	0
45	0	0	405	0	0	0	11	5	0	12	2
46	0	0	1147	0	0	0	61	20	0	23	6
47	0	0	123	2	0	0	0	0	0	0	0
48	0	0	0	0	0	0	6	3	0	2	0
49	0	0	4	0	0	0	2	0	0	3	0
50	0	3	57	0	0	0	0	0	0	0	0
51	0	0	250	0	0	0	35	6	0	19	7
52	0	0	535	0	0	0	97	25	0	93	18
53	0	0	20	0	0	0	13	0	0	0	0
54	0	0	0	0	0	0	0	7	0	0	0
55	0	0	289	0	0	0	595	103	0	173	60
56	0	0	88	0	0	0	1	0	0	0	0
57	0	0	54	0	0	0	13	4	0	0	7
58	0	0	122	0	0	0	1	1	0	0	0
59	0	0	1150	0	0	0	2	0	0	0	0
60	0	0	350	0	0	0	6	0	0	0	0
61	0	0	605	0	0	0	12	3	0	5	2
62	0	0	192	0	0	0	3	1	0	2	1
63	2	0	589	0	0	0	0	0	0	0	0
64	0	0	1240	0	0	0	9	3	0	8	3
65	0	0	39	0	0	0	560	58	2	34	22
66	0	0	712	0	0	0	11	9	0	9	0
67	0	0	103	0	0	0	37	0	0	0	18
68	0	0	135	0	0	0	9	65	0	0	0
69	0	0	435	0	0	0	19	5	0	0	4
70	0	0	205	0	0	0	0	1	0	3	0
71	0	0	790	0	0	0	82	0	0	54	0
72	0	0	208	0	0	0	50	0	0	30	0
73	0	0	526	0	0	0	30	45	0	11	4
74	0	0	16	0	0	0	109	8	0	39	0
75	0	0	355	0	0	0	11	4	0	3	1
76	0	0	755	0	0	0	3	0	0	0	0
77	0	0	1920	0	0	0	63	0	0	13	0
78	0	0	50	0	0	0	110	13	6	5	14
79	0	0	60	0	0	0	3	0	0	0	0
80	0	0	495	0	0	0	110	10	8	14	6
81	0	0	125	0	0	0	29	12	2	2	1
82	0	0	92	0	0	0	35	14	0	5	1
83	0	0	105	3	0	0	2	0	0	0	6
84	0	0	0	0	0	0	15	12	0	0	2
85	0	0	0	0	0	0	133	34	0	56	13
86	1	0	0	0	0	0	314	22	0	39	51
87	0	0	0	0	0	0	27	2	0	5	7
88	0	0	2550	0	0	0	0	0	0	0	3
89	0	0	160	0	0	0	35	21	0	22	9
90	0	0	273	0	0	0	12	7	0	4	10
91	0	0	18	0	0	0	18	53	0	10	0
92	0	0	630	0	0	0	35	7	0	21	0
93	0	0	211	0	0	0	228	13	1	184	67
94	0	0	550	0	0	0	42	28	1	3	0
95	0	0	100	0	0	0	0	8	0	0	0
96	0	0	241	0	0	0	38	0	0	0	6
97	0	0	415	0	0	0	29	25	4	15	3
98	0	0	257	0	0	0	27	16	0	25	5
99	0	0	960	0	0	0	39	26	0	14	0
100	0	0	1130	0	0	0	29	14	0	9	0
101	0	0	725	0	0	0	21	19	0	0	0
102	0	0	4110	0	0	0	8	0	0	12	0
103	0	0	3746	0	0	0	24	14	2	2	0
104	0	0	1110	0	0	0	4	0	0	0	18
105	0	0	1040	0	0	0	57	0	0	41	0
106	0	0	3212	0	0	0	31	6	0	8	0
107	0	0	3305	0	0	0	18	2	0	5	2
108	0	0	165	0	0	0	85	75	2	0	0
109	0	0	482	0	0	0	40	19	0	0	17
110	0	0	90	0	0	0	49	29	0	0	39
111	0	0	123	0	0	0	38	10	0	10	0
112	0	0	6	0	0	0	1	0	0	0	0
113	0	0	956	0	0	0	13	6	0	0	2
114	1	0	28	0	0	0	12	8	0	3	18
115	0	0	6000	0	0	0	36	2	0	0	34
116	0	0	1551	0	0	2	42	13	0	0	8
117	0	0	406	0	0	0	14	3	0	0	8
118	0	0	360	0	0	0	20	0	0	0	5
119	0	0	225	0	0	0	100	0	0	0	8
120	0	0	237	0	0	0	180	62	0	5	15
121	0	0	1500	0	0	0	12	16	0	1	0
122	0	1	0	0	0	0	187	158	5	8	65
123	0	0	124	0	0	0	11	0	0	0	0
124	0	0	250	0	0	0	11	4	0	0	1
125	0	0	100	0	0	0	74	21	1	2	34
126	0	0	39	0	3	3	0	0	0	0	0
127	0	0	82	0	0	0	43	56	0	0	4
128	0	0	0	0	0	0	24	0	0	96	0
129	0	0	772	0	0	0	2	0	0	0	1
130	0	0	1232	0	0	0	62	0	0	31	52
131	0	0	212	0	0	0	0	7	0	0	0
132	0	0	11	0	0	0	31	0	0	12	8
133	0	0	101	0	0	0	45	5	0	6	18
134	0	0	501	0	0	0	63	36	0	9	45
135	0	0	0	0	0	0	0	8	0	0	1
136	0	0	50	0	0	0	329	22	2	55	88
137	0	0	2311	0	0	0	187	0	0	0	53
138	0	0	100	0	0	0	37	86	1	0	6
139	0	0	100	0	0	0	1	4	0	2	2
140	0	0	6100	0	0	0	5	3	0	0	0
141	0	0	20	0	0	0	176	246	0	35	0
142	0	0	95	0	0	0	46	23	0	70	0
143	0	0	183	0	0	0	114	50	25	0	13
144	0	0	107	0	0	0	54	38	0	5	0
145	0	0	1466	0	0	0	14	24	0	12	0
146	0	0	95	0	0	0	0	40	0	12	4
147	0	0	150	0	0	0	92	56	0	2	33
148	0	0	148	0	0	0	211	135	0	30	15
149	0	0	325	0	0	0	10	30	0	0	3
150	0	0	780	2	0	0	4	2	0	2	2
151	0	0	745	0	0	0	48	127	0	0	12
152	0	0	385	0	0	0	75	51	0	21	3
153	3	0	0	0	0	0	13	19	0	3	13
154	0	0	3600	0	0	0	130	72	29	72	29
155	0	0	561	0	0	0	11	20	8	1	0
156	0	0	3214	0	0	0	29	68	4	29	0
157	0	0	290	0	0	0	11	30	0	4	11
158	0	0	511	0	0	0	80	51	0	0	7
159	0	0	188	0	0	0	67	150	4	9	25
160	0	0	236	1	0	0	6	14	0	0	4
161	0	0	57	0	0	0	17	0	0	0	0
162	0	0	64	0	0	0	54	5	0	25	15
163	0	0	0	0	0	0	62	62	0	10	10
164	0	0	365	0	0	0	46	406	0	105	93
165	0	0	237	0	0	0	35	63	0	14	0
166	0	0	486	0	0	0	0	35	0	0	0
167	0	0	9	0	0	0	54	95	13	13	14
168	0	0	114	0	0	0	0	31	0	0	0
169	0	0	3125	0	0	0	25	34	2	4	31
170	0	0	1160	0	0	0	23	12	0	0	0
171	0	0	2030	0	0	0	53	59	6	23	35
172	0	0	51	0	0	0	3	5	0	1	0
173	0	0	729	0	0	0	29	8	0	11	5
174	0	0	1548	0	0	0	36	9	0	9	9
175	0	0	1499	0	0	0	294	63	6	84	109
176	0	0	1722	0	0	0	40	45	5	0	10
177	0	0	100	0	0	0	33	42	0	4	21
178	0	0	1135	0	0	0	7	10	0	5	5
179	0	0	2279	0	0	0	17	10	0	10	14
180	0	0	61	0	0	0	70	64	0	10	61
181	0	0	2518	0	0	0	19	9	0	24	3
182	0	0	840	0	0	0	5	2	0	3	2
183	0	0	2354	0	0	0	8	4	4	17	0
184	0	0	4	0	0	0	43	54	3	0	29
185	0	0	120	0	0	0	0	0	0	10	3
186	0	0	423	0	0	0	0	0	0	0	0
187	0	0	75	0	0	0	8	6	0	0	0
188	0	0	29	0	0	0	5	20	0	0	0
189	0	0	55	0	0	0	4	22	0	0	3
190	0	0	1299	0	0	0	6	1	1	0	1
191	0	0	900	0	0	0	37	37	0	7	15
192	0	0	39	0	0	0	33	14	0	33	5
193	0	0	50	0	0	0	9	12	7	1	0
194	0	0	764	0	0	0	6	1	0	0	6
195	0	0	0	0	0	0	0	1	0	0	0
196	0	0	182	0	0	0	32	7	15	0	26
197	0	0	786	0	0	0	16	45	5	0	5
198	4	0	300	0	0	0	15	7	0	0	0
199	0	0	2	0	0	0	0	26	0	44	0
200	0	0	200	0	0	0	42	8	0	38	4
